745
967
514
510
498
494
148
127
627
682
288
715
433
328
910
327
52
3
780
539
258
627
563
297
555
696
178
603
231
434
935
763
376
912
293
458
526
355
132
485
142
180
463
509
451
706
453
69
205
888
356
539
593
628
554
854
615
208
157
816
335
633
466
680
763
29
716
422
696
886
260
769
870
484
336
611
475
238
70
813
419
219
142
133
307
673
407
742
527
46
36
418
623
554
282
822
354
762
120
125
467
762
353
495
54
845
38
938
78
896
808
807
443
754
910
845
872
173
56
543
896
287
690
183
606
780
676
418
9
354
315
414
735
499
223
540
957
704
523
82
317
112
927
477
860
376
722
249
157
507
933
223
228
469
144
358
701
157
611
18
509
415
539
607
479
986
93
605
608
930
449
59
255
305
686
583
989
824
181
290
828
162
733
803
842
643
725
644
886
429
975
264
382
537
837
877
928
839
413
616
512
775
547
318
590
431
535
2
89
622
86
511
557
250
911
600
114
151
663
961
548
405
42
556
648
61
777
52
425
832
474
275
122
224
292
141
78
535
981
999
86
500
965
536
304
968
746
178
857
84
785
281
779
738
208
501
636
338
109
958
651
237
408
306
908
228
701
450
126
689
708
698
374
571
593
14
875
684
580
625
626
37
859
352
249
665
214
786
460
318
54
749
224
984
457
459
722
240
748
987
570
333
165
375
859
709
597
499
178
940
68
686
496
754
127
464
614
671
971
880
609
989
580
882
939
22
280
717
449
158
691
115
298
212
172
507
690
325
143
917
758
600
790
898
878
420
471
488
884
202
233
951
358
508
446
398
97
956
198
590
844
161
190
151
499
184
741
659
266
909
190
425
528
354
670
425
219
889
176
38
575
515
136
609
900
803
572
336
130
342
586
395
529
489
488
809
339
425
690
704
536
662
455
304
301
462
723
140
609
256
587
46
993
197
704
413
485
437
804
408
106
552
83
790
673
863
680
942
659
536
133
468
711
37
732
540
471
122
424
882
589
651
508
614
420
589
296
8
333
351
299
872
782
342
420
498
143
121
299
284
304
886
530
29
353
145
277
19
141
551
50
822
155
812
328
3
643
721
3
497
84
448
271
303
191
959
675
316
528
764
62
268
65
169
814
781
168
801
121
541
88
525
593
488
821
967
406
858
752
502
195
785
182
567
663
238
293
834
701
584
17
770
945
689
885
852
839
990
661
873
186
536
678
796
295
603
282
813
231
316
794
988
211
664
355
754
468
801
48
382
574
141
606
885
734
226
578
658
618
385
682
548
448
336
447
36
975
474
129
356
750
266
456
803
625
720
592
808
912
81
152
436
86
164
72
800
973
707
713
75
397
558
577
627
831
394
171
766
616
600
251
799
471
157
449
702
276
140
358
737
97
194
683
217
409
153
724
748
72
953
915
949
660
104
457
918
994
669
902
940
113
487
708
149
941
865
301
16
827
795
715
155
367
239
564
645
698
536
82
697
744
778
179
239
809
555
222
159
44
792
447
756
167
132
456
475
28
850
981
541
984
993
830
194
884
155
107
634
700
584
302
777
803
433
127
29
4
427
592
105
736
840
277
857
52
889
198
134
293
187
414
177
129
115
115
390
27
296
827
689
470
641
623
954
599
248
250
47
884
461
223
408
614
961
167
209
56
466
747
727
153
679
163
625
657
396
434
737
93
610
952
324
496
116
394
136
586
486
429
394
817
70
704
464
16
686
150
295
733
291
699
913
77
845
833
195
363
932
420
365
315
22
778
331
921
539
600
319
964
826
235
172
344
509
58
438
55
294
106
260
211
4
104
801
711
315
285
907
353
257
791
861
140
39
71
207
163
63
997
718
964
229
262
245
177
689
594
283
293
683
312
617
860
125
790
388
258
945
756
595
328
742
343
1000
574
165
797
932
434
863
550
658
592
125
253
279
106
647
326
160
742
971
605
125
329
901
852
343
568
559
835
254
657
436
67
26
144
688
19
823
814
119
137
832
577
817
999
590
383
560
258
325
487
524
338
981
860
83
210
38
657
184
506
547
36
726
800
322
970
620
59
804
810
849
509
880
287
483
719
504
738
612
650
275
669
933
903
873
111
264
235
627
646
538
382
331
518
6
641
730
402
350
138
634
153
490
518
909
348
339
976
246
685
96
937
46
800
932
293
435
365
708
384
500
320
787
243
200
101
811
94
270
179
744
682
254
850
898
80
818
269
702
684
298
415
872
162
140
658
131
428
278
427
817
940
719
771
171
453
534
698
21
263
336
758
907
990
181
603
84
